1
3
13
0.744133 0.076288 0.005592 0.008428 -0.041884 -0.048861 0.023507 -0.049283 0.074514 -0.023275 0.055734 0.007980 -0.015976 
0.008745 0.766397 -0.009200 0.016188 0.024273 0.017126 0.052927 0.064016 -0.013835 0.040714 -0.024213 -0.045793 -0.008753 
-0.088288 -0.229540 0.662452 -0.029802 0.145746 0.000957 -0.010562 -0.142932 -0.091967 0.000355 -0.000263 -0.051867 0.097131 
0.142217 0.087943 -0.032269 0.838047 -0.045913 0.016128 -0.059245 0.090333 -0.027874 -0.007420 -0.089977 0.039121 -0.107144 
-0.188301 -0.107502 0.149148 -0.004810 0.786199 0.010328 0.052189 0.041108 -0.034251 -0.069582 0.079194 -0.085663 0.180378 
-0.255317 0.001560 -0.093571 0.010869 0.068091 0.673096 -0.081194 -0.038336 -0.004479 0.007952 -0.047854 0.125613 0.107266 
0.201530 -0.098136 0.048497 -0.143896 -0.084816 0.027204 0.738197 -0.017536 -0.014342 0.033520 0.034234 -0.211498 -0.136104 
-0.262774 -0.206202 -0.111949 -0.082319 -0.038267 -0.017158 0.120470 0.835918 0.000733 -0.021417 0.054969 -0.050407 -0.130627 
0.377613 0.060865 0.002246 0.117016 -0.183641 -0.039877 -0.098836 -0.033368 0.797785 -0.014511 0.113344 0.301094 -0.047566 
-0.303318 -0.127159 -0.114368 -0.112527 0.025891 0.028680 -0.036882 0.061218 -0.052640 0.684456 -0.057475 -0.033913 0.020734 
0.151679 0.119572 0.100099 -0.014341 -0.002587 -0.054278 0.166657 -0.138801 0.094682 -0.018580 0.950351 0.037074 -0.012715 
-0.333820 0.057499 0.085792 0.068532 -0.150706 0.046270 -0.094078 -0.074044 0.115609 0.088500 0.066712 1.078825 -0.025511 
-0.070930 -0.075759 0.056287 0.020095 0.076403 0.006543 -0.073344 0.014467 -0.088667 -0.028990 0.000872 0.013570 0.726269 
-0.123249 -1.544199 0.276170 1.029403 0.808991 -0.651837 -0.399523 1.846470 0.548220 0.471883 -2.868219 -0.858396 0.164207 
1.0 1.0 1.0 1.0 1.0 1.0 1.0 1.0 1.0 1.0 1.0 1.0 1.0 
13
0.910287 0.059498 0.023611 0.038411 -0.022172 -0.021129 0.025183 -0.063039 0.069738 -0.023795 0.013256 0.021034 -0.017773 
-0.052574 0.777760 -0.019383 -0.013724 0.003316 -0.015681 -0.047513 0.041223 -0.022959 -0.009672 -0.021811 0.015349 -0.015991 
0.088213 -0.215057 0.751753 -0.045143 0.128470 -0.056120 0.068379 -0.099163 -0.001985 -0.024415 0.010695 -0.092480 0.129179 
0.190131 0.107317 0.027423 0.864694 -0.071140 0.035746 -0.050991 0.039988 -0.081370 0.046604 -0.018420 -0.005815 -0.038756 
-0.235675 -0.126075 0.164667 -0.030784 0.843646 -0.032202 0.042315 0.011437 0.013387 -0.093890 0.096496 -0.098662 0.164889 
-0.158864 -0.014961 -0.056932 0.054847 0.041480 0.866113 -0.007119 -0.005806 0.034786 -0.002770 -0.070567 0.103938 -0.013100 
0.178110 -0.043197 -0.022921 -0.004348 -0.110956 0.086961 0.864500 -0.049822 -0.033297 0.075441 -0.100705 0.004182 -0.098489 
-0.241113 -0.115793 -0.086484 -0.058507 0.025560 -0.004898 0.170018 0.862548 0.039265 -0.000519 0.027512 -0.067606 0.025265 
0.365123 0.118215 -0.102311 0.101758 -0.163322 -0.051276 0.056888 -0.032531 0.951260 0.079199 -0.061935 0.251443 -0.163629 
-0.235976 -0.171815 -0.032841 -0.104758 0.067559 0.045190 0.011093 -0.018818 0.050852 0.868414 0.017811 -0.058530 0.119665 
0.041460 0.091419 0.054652 0.084745 -0.070642 -0.024372 -0.000824 -0.051383 0.026001 0.050902 0.953535 0.050057 0.007884 
-0.253964 0.019155 0.045449 -0.026416 0.019897 -0.063511 0.058786 -0.062994 0.098424 0.022435 0.028330 1.060055 0.020258 
-0.054983 -0.083009 0.119849 0.046862 0.017891 -0.023424 -0.061001 0.008994 0.027604 0.006484 -0.014948 0.082956 0.826999 
-0.225078 -0.172251 0.424719 -0.528564 0.108147 0.049596 0.021009 1.144562 -1.153947 0.751562 -0.450420 0.360692 0.152904 
1.0 1.0 1.0 1.0 1.0 1.0 1.0 1.0 1.0 1.0 1.0 1.0 1.0 
13
0.883666 0.069840 -0.026883 0.044727 -0.039198 -0.003343 0.011519 -0.012998 0.023354 -0.019126 0.014246 -0.008050 -0.009695 
-0.030881 0.841994 -0.059747 -0.001275 0.001817 -0.014348 -0.014153 0.018019 -0.014236 0.011658 -0.008625 0.021856 -0.005079 
0.114986 -0.120695 0.813525 -0.019696 0.120611 -0.036059 0.023492 -0.039110 0.003923 -0.028081 0.001539 -0.006377 0.032741 
0.183863 0.094945 0.021575 0.884119 -0.043915 0.012636 0.028245 0.009723 -0.016913 0.007812 0.007690 0.027846 -0.029492 
-0.186336 -0.138162 0.204927 -0.021999 0.897959 0.004562 -0.010052 0.017068 -0.031936 -0.018234 0.026752 -0.010382 0.058447 
-0.188196 -0.061664 -0.058265 0.066149 0.007119 0.918540 0.027985 -0.039029 0.034059 -0.021649 -0.027810 0.035346 -0.018626 
0.166696 -0.036269 -0.037346 0.035087 -0.073823 0.070426 0.910270 0.027244 0.003321 0.011957 0.001535 -0.004966 -0.066252 
-0.095902 -0.077281 -0.004764 -0.103294 0.018898 -0.002482 0.044462 0.941284 0.043018 0.006890 -0.004161 -0.043994 -0.005489 
0.307291 0.110471 -0.106094 0.148017 -0.176388 0.033195 0.002115 0.023264 1.002722 0.049841 -0.034123 0.149943 -0.134053 
-0.171828 -0.137574 -0.014585 -0.138773 0.104276 0.005403 -0.042167 0.006321 0.077568 0.905102 0.065596 -0.012964 0.042266 
0.007653 0.085101 -0.087609 0.127220 -0.132615 -0.025233 0.026792 -0.000721 -0.026591 0.052562 0.993953 0.038227 -0.034155 
-0.219292 0.030854 0.043441 0.017277 0.004660 -0.043260 0.062104 -0.053021 0.096802 0.019704 0.021161 1.037890 0.046799 
0.041924 -0.053032 0.126918 -0.030471 0.111205 -0.052072 -0.032403 -0.001534 0.026436 0.043758 -0.017156 0.100015 0.916773 
0.078631 -0.034971 0.313364 0.063216 -0.807971 -0.229194 0.028640 -0.211082 -0.007583 0.050757 0.135317 0.048150 0.146454 
1.0 1.0 1.0 1.0 1.0 1.0 1.0 1.0 1.0 1.0 1.0 1.0 1.0 
